0.15272,0.17181,0.1909,0.20998,0.22253,0.24107,0.26344,0.28225,0.30107,0.32452,0.34361,0.3627,0.38179,0.40088,0.41997,0.43906,0.45815,0.47724,0.49633,0.51542,0.54214,0.56151,0.57269,0.59178,0.61087,0.62995,0.64904,0.66813,0.68722
0.15272,0.17181,0.1909,0.20998,0.22253,0.24107,0.26344,0.28225,0.30107,0.32452,0.34361,0.3627,0.38179,0.40088,0.41997,0.43906,0.45815,0.47724,0.49633,0.51542,0.54214,0.56151,0.57269,0.59178,0.61087,0.62995,0.64904,0.66813,0.68722
0.2618,0.28471,0.31634,0.34198,0.37961,0.41124,0.45051,0.48269,0.51487,0.55632,0.58905,0.62177,0.6545,0.68722,0.71995,0.75267,0.7854,0.81812,0.85085,0.89143,0.92444,0.96484,0.99811,1.0314,1.0647,1.1075,1.1411,1.1746,1.2174
0.32725,0.36816,0.40906,0.44997,0.48106,0.51051,0.56123,0.61359,0.6545,0.6954,0.73631,0.77722,0.81812,0.85903,0.89994,0.94084,0.98175,1.0227,1.0636,1.1045,1.1454,1.1989,1.2403,1.2816,1.309,1.3643,1.4186,1.4756,1.5315
0.34907,0.38288,0.42542,0.46237,0.5044,0.55305,0.60374,0.64686,0.68999,0.73311,0.77624,0.81936,0.85085,0.90561,0.94873,1.0036,1.0472,1.0908,1.1345,1.1781,1.2217,1.2654,1.309,1.3707,1.4312,1.4951,1.5577,1.6239,1.6886
0.38179,0.42379,0.47088,0.51296,0.56505,0.61214,0.66432,0.71586,0.76358,0.81131,0.84758,0.89466,0.94175,1.0022,1.0499,1.0976,1.1454,1.2113,1.2597,1.3082,1.3744,1.4235,1.4726,1.5217,1.5708,1.6439,1.6937,1.7658,1.8162
0.42586,0.47909,0.53233,0.57596,0.63879,0.69202,0.74526,0.79849,0.85172,0.90495,0.95819,1.0114,1.0647,1.1179,1.1711,1.2419,1.2959,1.3499,1.4039,1.4667,1.5272,1.5849,1.6461,1.7043,1.7663,1.8251,1.8878,1.9471,2.0028
0.47342,0.51542,0.57269,0.62995,0.68722,0.74449,0.80176,0.85903,0.9163,0.97357,1.0308,1.0881,1.1454,1.2026,1.2823,1.3523,1.4111,1.4794,1.5485,1.6184,1.6855,1.7457,1.8059,1.8661,1.9385,1.9991,2.064,2.138,2.2358
0.51545,0.56941,0.62686,0.68955,0.75224,0.81492,0.8715,0.92939,0.98902,1.0459,1.0996,1.1606,1.2275,1.292,1.3535,1.4217,1.4975,1.5708,1.645,1.7161,1.7837,1.8559,1.9242,1.9974,2.0618,2.131,2.1956,2.2755,2.3562
0.54978,0.60819,0.67577,0.73975,0.80503,0.86148,0.92775,0.99402,1.0603,1.1266,1.1928,1.256,1.3254,1.3916,1.4651,1.5355,1.6101,1.6812,1.757,1.829,1.9059,1.9787,2.0568,2.1304,2.1991,2.2786,2.3532,2.4339,2.5211
0.58905,0.65613,0.72904,0.79794,0.86394,0.92884,1.0054,1.0772,1.149,1.2146,1.2861,1.3575,1.4363,1.5081,1.5799,1.6517,1.7366,1.8135,1.886,1.9684,2.0413,2.1195,2.2035,2.2826,2.3562,2.4418,2.522,2.6089,2.7031
0.62396,0.70195,0.77994,0.85134,0.92633,0.99833,1.0723,1.1489,1.2255,1.3021,1.3715,1.4439,1.5119,1.5959,1.6851,1.7663,1.8575,1.9349,2.0123,2.1004,2.1782,2.256,2.3398,2.4178,2.5086,2.5936,2.6858,2.7718,2.8654
0.66846,0.74613,0.82903,0.90713,0.98175,1.0551,1.1362,1.2174,1.2985,1.3797,1.4569,1.5379,1.6232,1.7043,1.7807,1.8666,1.9635,2.0453,2.1385,2.2266,2.3213,2.4042,2.4936,2.5768,2.6738,2.7646,2.8632,2.9474,3.0395
0.70904,0.79129,0.87685,0.95933,1.0437,1.1245,1.2077,1.294,1.3803,1.4665,1.5443,1.6301,1.7159,1.8116,1.8979,1.9841,2.0761,2.1626,2.2614,2.3547,2.4552,2.5429,2.6376,2.7255,2.8286,2.9248,3.0134,3.1186,3.2077
0.75544,0.83612,0.92393,1.0163,1.0996,1.1879,1.2721,1.363,1.4539,1.5447,1.6356,1.7265,1.8173,1.9082,1.9991,2.0899,2.193,2.2844,2.3824,2.4877,2.587,2.6942,2.7947,2.8879,2.9973,3.091,3.1846,3.2783,3.3811
0.8094,0.89094,0.98175,1.0769,1.1683,1.2621,1.3592,1.444,1.5403,1.6272,1.723,1.8187,1.9144,2.0216,2.1178,2.2141,2.3169,2.4135,2.5242,2.6286,2.726,2.8392,2.9371,3.0434,3.159,3.2668,3.3658,3.4648,3.5637
0.86336,0.95033,1.0472,1.1423,1.2462,1.3387,1.4376,1.5315,1.629,1.7308,1.8221,1.9234,2.0246,2.1258,2.227,2.3417,2.4435,2.5525,2.6546,2.7725,2.8751,2.9778,3.0892,3.2102,3.3138,3.427,3.5308,3.655,3.7699
0.91732,1.0097,1.1126,1.2137,1.3203,1.4223,1.5188,1.6226,1.7209,1.8232,1.9193,2.0201,2.1264,2.2392,2.3458,2.4525,2.5739,2.6889,2.7965,2.904,3.0289,3.146,3.2545,3.3821,3.5011,3.6105,3.741,3.851,3.961
0.97128,1.0691,1.1781,1.2851,1.398,1.506,1.6035,1.7082,1.8064,1.9193,2.0263,2.1265,2.2384,2.3503,2.4622,2.5741,2.7018,2.8225,2.9354,3.0483,3.1887,3.3026,3.4361,3.5507,3.6652,3.7905,3.9054,4.0432,4.1587
1.0252,1.1347,1.2435,1.3565,1.4798,1.5897,1.6926,1.8031,1.9068,2.0201,2.1265,2.2446,2.3558,2.4736,2.5914,2.7092,2.827,2.9534,3.0895,3.2084,3.3369,3.456,3.5959,3.7158,3.8467,3.9897,4.0871,4.2315,4.3524
1.0792,1.2043,1.3199,1.4399,1.5577,1.6828,1.797,1.909,2.0188,2.1264,2.2384,2.3558,2.4798,2.5885,2.7038,2.8267,2.9583,3.0998,3.2238,3.3478,3.4819,3.6274,3.7634,3.9114,4.0492,4.1757,4.3022,4.4288,4.5815
1.1362,1.2679,1.3935,1.5245,1.6493,1.7719,1.8922,2.0101,2.1258,2.2392,2.364,2.4809,2.6038,2.718,2.839,2.9505,3.0971,3.2261,3.3651,3.5151,3.6453,3.7866,3.9401,4.0714,4.215,4.3719,4.5044,4.6502,4.7831
1.1999,1.3355,1.4759,1.6103,1.7423,1.8719,1.9935,2.1238,2.259,2.3662,2.4838,2.6142,2.7358,2.8642,2.983,3.1094,3.2254,3.3598,3.5149,3.6501,3.7965,3.9321,4.0917,4.2281,4.3645,4.5141,4.6509,4.8157,4.9676
