1200,1200,1200,1200,1200,1200,1200,1200,1200,1200,1200,1200,1200,1200,1200,1200,1200,1200,1200,1200,1200,1200,1200,1200,1200,1200,1200,1200,1200
1050,1050,1050,1050,1020,1020,1035,1035,1035,1050,1050,1050,1050,1050,1050,1050,1050,1050,1050,1050,1065,1065,1050,1050,1050,1050,1050,1050,1050
900,870,870,855,870,870,885,885,885,900,900,900,900,900,900,900,900,900,900,908,908,915,915,915,915,923,923,923,930
750,750,750,750,735,720,735,750,750,750,750,750,750,750,750,750,750,750,750,750,750,758,758,758,750,758,765,773,780
600,585,585,578,578,585,593,593,593,593,593,593,585,593,593,600,600,600,600,600,600,600,600,608,615,623,630,638,645
525,518,518,513,518,518,522,525,525,525,518,518,518,525,525,525,525,533,533,533,540,540,540,540,540,548,548,555,555
488,488,488,480,488,488,488,488,488,488,488,488,488,488,488,495,495,495,495,498,500,501,503,504,506,507,509,510,510
465,450,450,450,450,450,450,450,450,450,450,450,450,450,458,462,462,465,468,471,473,473,473,473,476,476,477,480,488
443,435,431,431,431,431,428,426,425,423,420,420,422,423,423,425,429,432,435,437,438,440,441,443,443,444,444,447,450
420,413,413,411,410,405,405,405,405,405,405,404,405,405,407,408,410,411,413,414,416,417,419,420,420,422,423,425,428
405,401,401,399,396,393,395,395,395,393,393,393,395,395,395,395,398,399,399,401,401,402,404,405,405,407,408,410,413
390,390,390,387,386,384,383,383,383,383,381,380,378,380,383,384,387,387,387,389,389,389,390,390,392,393,395,396,398
383,380,380,378,375,372,372,372,372,372,371,371,372,372,371,372,375,375,377,378,380,380,381,381,383,384,386,386,387
375,372,371,369,368,366,365,365,365,365,363,363,363,365,365,365,366,366,368,369,371,371,372,372,374,375,375,377,377
371,365,363,363,360,359,357,357,357,357,357,357,357,357,357,357,359,359,360,362,363,365,366,366,368,368,368,368,369
371,363,360,359,357,356,356,353,353,351,351,351,351,353,353,353,354,354,356,357,357,359,359,360,362,363,363,363,363
371,363,360,357,357,354,353,351,350,350,348,348,348,348,348,350,350,351,351,353,353,353,354,356,356,357,357,359,360
371,363,360,357,356,354,351,350,348,347,345,344,344,345,345,345,347,348,348,348,350,351,351,353,354,354,356,356,356
371,363,360,357,356,354,350,348,345,345,344,342,342,342,342,342,344,345,345,345,348,348,350,350,350,351,351,353,353
371,365,360,357,357,354,350,348,345,344,342,342,341,341,341,341,341,342,344,344,345,345,347,347,348,350,348,350,350
371,368,363,360,357,356,353,350,347,344,342,341,341,339,338,338,339,341,341,341,342,344,345,347,348,348,348,348,350
372,369,365,363,360,357,354,351,348,345,344,342,341,339,338,336,338,338,339,341,341,342,344,344,345,347,347,348,348
375,371,369,366,363,360,356,354,353,348,345,344,342,341,339,338,336,336,338,338,339,339,341,341,341,342,342,344,345
