0.366,0.7301,0.7918,0.8305,0.8319,0.8427,0.8505,0.8526,0.8618,0.8668,0.8659,0.8858,0.8856,0.8793,0.8791,0.8869,0.8759,0.8517,0.8266,0.835,0.8197,0.8128,0.8296
0.366,0.7301,0.7918,0.8305,0.8319,0.8427,0.8505,0.8526,0.8618,0.8668,0.8659,0.8858,0.8856,0.8793,0.8791,0.8869,0.8759,0.8517,0.8266,0.835,0.8197,0.8128,0.8296
0.366,0.7301,0.7918,0.8305,0.8319,0.8427,0.8505,0.8526,0.8618,0.8668,0.8659,0.8858,0.8856,0.8793,0.8791,0.8869,0.8759,0.8517,0.8266,0.835,0.8197,0.8128,0.8296
0.366,0.75,0.8162,0.8452,0.8579,0.8642,0.8689,0.8819,0.8895,0.8857,0.8911,0.9034,0.9063,0.909,0.8979,0.9137,0.8969,0.8816,0.8645,0.8681,0.8582,0.8323,0.8603
0.366,0.7586,0.8271,0.8498,0.8673,0.8747,0.8785,0.8915,0.8963,0.8981,0.8981,0.9181,0.9161,0.9268,0.9208,0.9216,0.9059,0.8913,0.8747,0.882,0.8762,0.8642,0.8674
0.366,0.7575,0.8261,0.861,0.8775,0.8868,0.8898,0.9049,0.9059,0.9069,0.9165,0.925,0.9268,0.9219,0.9217,0.9237,0.9042,0.899,0.8757,0.8791,0.877,0.8672,0.8642
0.366,0.7566,0.8278,0.859,0.8967,0.8946,0.9001,0.9021,0.9145,0.9135,0.9171,0.9297,0.9298,0.9335,0.9256,0.9254,0.9042,0.9019,0.895,0.8792,0.8653,0.877,0.8642
0.366,0.7589,0.8258,0.8617,0.8787,0.8888,0.8917,0.9078,0.9087,0.9174,0.9165,0.9297,0.9337,0.9346,0.9335,0.9245,0.9127,0.897,0.888,0.8566,0.8653,0.877,0.8642
0.366,0.7517,0.8202,0.8598,0.8832,0.8944,0.8993,0.9108,0.9145,0.9193,0.93,0.9396,0.9366,0.9337,0.9305,0.9187,0.902,0.8902,0.8791,0.8566,0.8653,0.877,0.8642
0.366,0.7487,0.8202,0.8522,0.8812,0.8964,0.9098,0.9107,0.9095,0.9213,0.9261,0.9415,0.9356,0.9306,0.9286,0.9149,0.8904,0.8743,0.8791,0.8566,0.8653,0.877,0.8642
0.366,0.7479,0.8192,0.8437,0.8746,0.8917,0.8975,0.9117,0.9144,0.9271,0.9261,0.9405,0.9366,0.9297,0.9287,0.908,0.8825,0.8743,0.8791,0.8566,0.8653,0.877,0.8642
0.366,0.7341,0.8125,0.8475,0.8782,0.8984,0.906,0.9136,0.9164,0.9241,0.9338,0.9466,0.9306,0.9287,0.9187,0.8952,0.8829,0.8743,0.8791,0.8566,0.8653,0.877,0.8642
0.366,0.7214,0.806,0.8408,0.8641,0.8916,0.9104,0.9136,0.9144,0.924,0.9279,0.9396,0.9267,0.9257,0.9119,0.8922,0.8829,0.8743,0.8791,0.8566,0.8653,0.877,0.8642
0.366,0.7179,0.8032,0.8379,0.861,0.8926,0.8935,0.9107,0.9193,0.9319,0.9339,0.9385,0.9199,0.9159,0.9012,0.8922,0.8829,0.8743,0.8791,0.8566,0.8653,0.877,0.8642
0.366,0.7033,0.7938,0.8408,0.8602,0.8839,0.8948,0.9068,0.9183,0.928,0.9377,0.9287,0.914,0.9101,0.8932,0.8922,0.8829,0.8743,0.8791,0.8566,0.8653,0.877,0.8642
0.366,0.6932,0.7873,0.8275,0.8414,0.8837,0.9021,0.9087,0.9124,0.9259,0.924,0.9288,0.9101,0.9002,0.8932,0.8922,0.8829,0.8743,0.8791,0.8566,0.8653,0.877,0.8642
0.366,0.6788,0.7806,0.8129,0.8486,0.8733,0.8903,0.9048,0.9153,0.921,0.9279,0.9258,0.8974,0.8932,0.8932,0.8922,0.8829,0.8743,0.8791,0.8566,0.8653,0.877,0.8642
0.366,0.6713,0.7658,0.8161,0.8306,0.8645,0.8809,0.9048,0.9095,0.9181,0.9239,0.9218,0.8954,0.8825,0.8932,0.8922,0.8829,0.8743,0.8791,0.8566,0.8653,0.877,0.8642
0.366,0.6484,0.7509,0.7998,0.8325,0.856,0.8799,0.899,0.9055,0.9161,0.921,0.9082,0.8818,0.8825,0.8932,0.8922,0.8829,0.8743,0.8791,0.8566,0.8653,0.877,0.8642
0.366,0.6295,0.731,0.7981,0.8305,0.857,0.8741,0.896,0.9015,0.9103,0.9151,0.8973,0.8818,0.8825,0.8932,0.8922,0.8829,0.8743,0.8791,0.8566,0.8653,0.877,0.8642
0.366,0.6686,0.7361,0.7858,0.8152,0.8502,0.8719,0.8833,0.9006,0.9083,0.9102,0.9071,0.8818,0.8825,0.8932,0.8922,0.8829,0.8743,0.8791,0.8566,0.8653,0.877,0.8642
0.366,0.6414,0.7119,0.786,0.8133,0.8281,0.8612,0.8813,0.8938,0.9024,0.9053,0.9071,0.8818,0.8825,0.8932,0.8922,0.8829,0.8743,0.8791,0.8566,0.8653,0.877,0.8642
0.366,0.6444,0.7065,0.7595,0.8219,0.833,0.8497,0.8697,0.8888,0.8984,0.8907,0.9071,0.8818,0.8825,0.8932,0.8922,0.8829,0.8743,0.8791,0.8566,0.8653,0.877,0.8642
0.366,0.6134,0.7606,0.7841,0.8125,0.8695,0.8642,0.8658,0.8918,0.8975,0.8907,0.9071,0.8818,0.8825,0.8932,0.8922,0.8829,0.8743,0.8791,0.8566,0.8653,0.877,0.8642
0.366,0.6135,0.738,0.7764,0.8058,0.8589,0.8565,0.8716,0.883,0.8876,0.8907,0.9071,0.8818,0.8825,0.8932,0.8922,0.8829,0.8743,0.8791,0.8566,0.8653,0.877,0.8642
0.366,0.597,0.7232,0.7606,0.7992,0.8502,0.8691,0.8794,0.8791,0.8876,0.8907,0.9071,0.8818,0.8825,0.8932,0.8922,0.8829,0.8743,0.8791,0.8566,0.8653,0.877,0.8642
0.366,0.5855,0.6984,0.7502,0.7984,0.8358,0.8508,0.8687,0.8752,0.8876,0.8907,0.9071,0.8818,0.8825,0.8932,0.8922,0.8829,0.8743,0.8791,0.8566,0.8653,0.877,0.8642
0.366,0.5636,0.6652,0.7503,0.7871,0.8175,0.8469,0.8531,0.8732,0.8876,0.8907,0.9071,0.8818,0.8825,0.8932,0.8922,0.8829,0.8743,0.8791,0.8566,0.8653,0.877,0.8642
0.366,0.5636,0.7341,0.7259,0.764,0.8273,0.8343,0.8551,0.8732,0.8876,0.8907,0.9071,0.8818,0.8825,0.8932,0.8922,0.8829,0.8743,0.8791,0.8566,0.8653,0.877,0.8642
0.366,0.5636,0.7119,0.7768,0.7606,0.8013,0.8266,0.8574,0.8732,0.8876,0.8907,0.9071,0.8818,0.8825,0.8932,0.8922,0.8829,0.8743,0.8791,0.8566,0.8653,0.877,0.8642
0.366,0.5636,0.6981,0.7562,0.819,0.8359,0.8476,0.8457,0.8732,0.8876,0.8907,0.9071,0.8818,0.8825,0.8932,0.8922,0.8829,0.8743,0.8791,0.8566,0.8653,0.877,0.8642
0.366,0.5635,0.6891,0.7783,0.8301,0.8411,0.8554,0.8456,0.8728,0.8878,0.8914,0.907,0.8821,0.8823,0.8926,0.8922,0.8822,0.8739,0.8787,0.8573,0.8661,0.8771,0.8646
0.366,0.5635,0.7071,0.7657,0.8327,0.8437,0.8554,0.8456,0.8728,0.8878,0.8914,0.907,0.8821,0.8823,0.8926,0.8922,0.8822,0.8739,0.8787,0.8573,0.8661,0.8771,0.8646
0.366,0.5635,0.7048,0.7744,0.8284,0.8454,0.8563,0.8456,0.8728,0.8878,0.8914,0.907,0.8821,0.8823,0.8926,0.8922,0.8822,0.8739,0.8787,0.8573,0.8661,0.8771,0.8646
0.366,0.5635,0.7265,0.7807,0.8378,0.8462,0.8572,0.8456,0.8728,0.8878,0.8914,0.907,0.8821,0.8823,0.8926,0.8922,0.8822,0.8739,0.8787,0.8573,0.8661,0.8771,0.8646
0.366,0.5635,0.731,0.7807,0.8455,0.8488,0.8589,0.8456,0.8728,0.8878,0.8914,0.907,0.8821,0.8823,0.8926,0.8922,0.8822,0.8739,0.8787,0.8573,0.8661,0.8771,0.8646
0.366,0.5635,0.7415,0.7807,0.8403,0.848,0.8586,0.8456,0.8728,0.8878,0.8914,0.907,0.8821,0.8823,0.8926,0.8922,0.8822,0.8739,0.8787,0.8573,0.8661,0.8771,0.8646
0.366,0.5635,0.7415,0.7791,0.8403,0.8471,0.8586,0.8456,0.8728,0.8878,0.8914,0.907,0.8821,0.8823,0.8926,0.8922,0.8822,0.8739,0.8787,0.8573,0.8661,0.8771,0.8646
0.366,0.5635,0.7417,0.7792,0.8438,0.8473,0.8586,0.8456,0.8728,0.8878,0.8914,0.907,0.8821,0.8823,0.8926,0.8922,0.8822,0.8739,0.8787,0.8573,0.8661,0.8771,0.8646
0.366,0.5635,0.7417,0.7792,0.8434,0.8473,0.8586,0.8456,0.8728,0.8878,0.8914,0.907,0.8821,0.8823,0.8926,0.8922,0.8822,0.8739,0.8787,0.8573,0.8661,0.8771,0.8646
0.366,0.5635,0.7417,0.7792,0.8434,0.8473,0.8586,0.8456,0.8728,0.8878,0.8914,0.907,0.8821,0.8823,0.8926,0.8922,0.8822,0.8739,0.8787,0.8573,0.8661,0.8771,0.8646
